              precision    recall  f1-score   support

           0       1.00      1.00      1.00    429380
           1       0.82      0.69      0.75       390
           2       1.00      1.00      1.00     25603
           3       0.99      0.98      0.99      2057
           4       1.00      1.00      1.00     34569
           5       0.99      0.98      0.98      1046
           6       0.99      0.99      0.99      1077
           7       1.00      0.99      1.00      1186
           8       1.00      1.00      1.00         2
           9       0.00      0.00      0.00         7
          10       0.99      0.99      0.99     18139
          11       1.00      0.97      0.99       644
          12       0.72      0.73      0.73       294
          13       0.00      0.00      0.00         4
          14       0.35      0.31      0.33       130

    accuracy                           1.00    514528
   macro avg       0.79      0.78      0.78    514528
weighted avg       1.00      1.00      1.00    514528
